编号,类型,关卡描述,描述
id,iType,sRemark,描述
1,1,5,描述
2,1,7,描述
3,1,5,描述
4,1,4,描述
5,1,5,描述
6,1,6,描述
7,1,4,描述
8,1,9,描述
9,1,5,描述
10,1,8,描述
11,3,8,描述
12,3,4,描述
13,3,6,描述
14,3,6,描述
15,5,10,描述
16,1,6,描述
17,1,2,描述
18,1,10,描述
19,1,5,描述
20,6,6,描述
21,1,2,描述
22,1,5,描述
23,1,4,描述
24,1,7,描述
25,1,4,描述
26,3,5,描述
27,1,7,描述
28,5,6,描述
29,1,8,描述
30,1,8,描述
31,3,8,描述
32,1,8,描述
33,1,8,描述
34,1,6,描述
35,6,8,描述
36,2,5,描述
37,2,8,描述
38,1,4,描述
39,2,6,描述
40,2,6,描述
41,4,3,描述
42,4,4,描述
43,3,5,描述
44,1,8,描述
45,3,4,描述
46,5,2,描述
47,1,10,描述
48,1,8,描述
49,4,7,描述
50,3,6,描述
51,1,3,描述
52,2,10,描述
53,4,6,描述
54,3,6,描述
55,4,7,描述
56,6,8,描述
57,3,2,描述
58,1,6,描述
59,3,4,描述
60,1,6,描述
61,4,8,描述
62,4,6,描述
63,3,4,描述
64,2,2,描述
65,5,8,描述
66,1,5,描述
67,1,5,描述
68,2,2,描述
69,4,7,描述
70,3,5,描述
71,1,4,描述
72,1,6,描述
73,1,2,描述
74,2,10,描述
75,1,7,描述
76,1,2,描述
77,1,4,描述
78,1,3,描述
79,2,5,描述
80,4,8,描述
81,1,4,描述
82,1,5,描述
83,1,7,描述
84,1,4,描述
85,1,5,描述
86,3,10,描述
87,1,7,描述
88,1,9,描述
89,1,3,描述
90,4,10,描述
91,1,6,描述
92,1,4,描述
93,5,8,描述
94,1,7,描述
95,1,10,描述
96,1,3,描述
97,1,5,描述
98,1,8,描述
99,1,6,描述
100,3,8,描述
101,1,5,描述
102,2,7,描述
103,1,2,描述
104,2,5,描述
105,2,6,描述
106,2,5,描述
107,2,6,描述
108,2,9,描述
109,2,4,描述
110,2,5,描述
111,2,6,描述
112,2,4,描述
113,2,7,描述
114,2,3,描述
115,2,4,描述
116,2,7,描述
117,2,5,描述
118,2,6,描述
119,2,5,描述
120,2,6,描述
121,2,5,描述
122,2,6,描述
123,2,3,描述
124,2,3,描述
125,2,6,描述
126,2,5,描述
127,2,6,描述
128,2,10,描述
129,2,10,描述
130,2,10,描述
131,2,9,描述
132,2,10,描述
133,2,4,描述
134,2,8,描述
135,2,10,描述
136,2,7,描述
137,2,9,描述
138,2,8,描述
139,2,10,描述
140,2,7,描述
141,2,10,描述
142,2,10,描述
143,2,3,描述
144,2,10,描述
145,2,7,描述
146,2,3,描述
147,2,10,描述
148,2,7,描述
149,2,8,描述
150,2,2,描述
151,2,3,描述
152,2,10,描述
153,2,7,描述
154,2,3,描述
155,2,1,描述
156,2,5,描述
157,2,4,描述
158,2,3,描述
159,2,4,描述
160,2,8,描述
161,2,7,描述
162,2,7,描述
163,2,6,描述
164,2,10,描述
165,2,5,描述
166,2,10,描述
167,2,3,描述
168,2,4,描述
169,2,6,描述
170,2,1,描述
171,2,3,描述
172,2,4,描述
173,2,8,描述
174,2,6,描述
175,2,6,描述
176,2,7,描述
177,2,5,描述
178,2,5,描述
179,2,6,描述
180,2,5,描述
181,2,4,描述
182,2,7,描述
183,2,2,描述
184,2,4,描述
185,2,8,描述
186,2,6,描述
187,2,6,描述
188,2,4,描述
189,2,5,描述
190,2,7,描述
191,2,1,描述
192,2,6,描述
193,2,4,描述
194,2,8,描述
195,2,4,描述
196,2,7,描述
197,2,4,描述
198,2,6,描述
199,2,5,描述
200,2,6,描述
201,2,7,描述
202,2,6,描述
203,2,4,描述
204,2,4,描述
205,2,8,描述
206,2,6,描述
207,2,7,描述
208,2,5,描述
209,2,8,描述
210,2,5,描述
211,2,8,描述
212,2,5,描述
213,2,7,描述
214,2,8,描述
215,2,3,描述
216,2,8,描述
217,2,3,描述
218,2,4,描述
219,2,8,描述
220,2,3,描述
221,2,7,描述
222,2,6,描述
223,2,4,描述
224,2,5,描述
225,2,3,描述
226,2,5,描述
227,2,3,描述
228,2,5,描述
229,2,7,描述
230,2,6,描述
231,2,10,描述
232,2,5,描述
233,2,6,描述
234,2,7,描述
235,2,5,描述
236,2,6,描述
237,2,4,描述
238,2,6,描述
239,2,7,描述
240,2,4,描述
241,2,9,描述
242,2,4,描述
243,2,5,描述
244,2,7,描述
245,2,6,描述
246,2,8,描述
247,2,7,描述
248,2,4,描述
249,2,6,描述
250,2,5,描述
251,2,3,描述
252,2,4,描述
253,2,3,描述
254,2,4,描述
255,3,5,描述
256,3,8,描述
257,2,9,描述
258,2,8,描述
259,2,9,描述
260,3,6,描述
261,2,4,描述
262,2,6,描述
263,2,9,描述
264,3,5,描述
265,2,6,描述
266,2,6,描述
267,2,9,描述
268,2,5,描述
269,3,4,描述
270,2,8,描述
271,2,4,描述
272,2,3,描述
273,2,3,描述
274,3,4,描述
275,3,3,描述
276,3,3,描述
277,2,6,描述
278,2,2,描述
279,2,4,描述
280,2,5,描述
281,2,5,描述
282,2,4,描述
283,3,4,描述
284,2,7,描述
285,2,7,描述
286,2,5,描述
287,2,6,描述
288,2,7,描述
289,2,7,描述
290,3,3,描述
291,3,3,描述
292,2,4,描述
293,2,4,描述
294,3,4,描述
295,2,3,描述
296,2,6,描述
297,2,7,描述
298,2,5,描述
299,3,6,描述
300,2,3,描述
301,2,4,描述
302,2,1,描述
303,2,7,描述
304,2,4,描述
305,2,6,描述
306,2,8,描述
307,2,7,描述
308,2,8,描述
309,2,1,描述
310,2,2,描述
311,2,4,描述
312,2,5,描述
313,2,6,描述
314,2,6,描述
315,2,6,描述
316,2,9,描述
317,2,7,描述
318,2,8,描述
319,2,6,描述
320,2,5,描述
321,2,5,描述
322,2,6,描述
323,2,10,描述
324,2,3,描述
325,2,5,描述
326,2,1,描述
327,2,4,描述
328,2,3,描述
329,2,4,描述
330,2,7,描述
331,2,4,描述
332,2,6,描述
333,2,2,描述
334,2,10,描述
335,2,2,描述
336,2,2,描述
337,2,7,描述
338,2,8,描述
339,2,5,描述
340,2,5,描述
341,2,2,描述
342,2,5,描述
343,2,8,描述
344,2,5,描述
345,2,3,描述
346,2,3,描述
347,2,3,描述
348,2,4,描述
349,2,4,描述
350,2,5,描述
351,2,2,描述
352,2,4,描述
353,2,3,描述
354,2,6,描述
355,2,4,描述
356,2,4,描述
357,2,3,描述
358,2,5,描述
359,2,3,描述
360,2,6,描述
361,2,4,描述
362,2,4,描述
363,2,3,描述
364,2,6,描述
365,2,5,描述
366,2,7,描述
367,2,3,描述
368,2,3,描述
369,2,4,描述
370,2,6,描述
371,2,2,描述
372,2,5,描述
373,2,2,描述
374,2,4,描述
375,2,1,描述
376,2,3,描述
377,2,6,描述
378,2,3,描述
379,2,2,描述
380,2,4,描述
381,2,5,描述
382,2,5,描述
383,2,4,描述
384,2,7,描述
385,2,6,描述
386,2,6,描述
387,2,9,描述
388,2,6,描述
389,2,3,描述
390,2,4,描述
391,2,6,描述
392,2,5,描述
393,2,2,描述
394,2,4,描述
395,2,4,描述
396,2,5,描述
397,2,9,描述
398,2,5,描述
399,2,10,描述
400,2,7,描述
401,2,4,描述
402,2,1,描述
403,2,4,描述
404,2,4,描述
405,2,4,描述
406,2,6,描述
407,2,3,描述
408,2,4,描述
409,2,6,描述
410,2,7,描述
411,2,3,描述
412,2,2,描述
413,2,4,描述
414,2,4,描述
415,2,7,描述
416,2,3,描述
417,2,10,描述
418,2,3,描述
419,2,5,描述
420,2,4,描述
421,2,5,描述
422,2,9,描述
423,2,4,描述
424,2,5,描述
425,2,10,描述
426,2,4,描述
427,2,5,描述
428,2,7,描述
429,2,5,描述
430,2,4,描述
431,2,2,描述
432,2,7,描述
433,2,3,描述
434,2,5,描述
435,2,4,描述
436,2,4,描述
437,2,3,描述
438,2,4,描述
439,2,6,描述
440,2,4,描述
441,2,4,描述
442,2,3,描述
443,2,6,描述
444,2,10,描述
445,2,4,描述
446,2,2,描述
447,2,7,描述
448,2,7,描述
449,2,2,描述
450,2,7,描述
451,2,4,描述
452,2,4,描述
453,2,6,描述
454,2,3,描述
455,2,2,描述
456,2,5,描述
457,2,3,描述
458,2,3,描述
459,2,4,描述
460,2,2,描述
461,2,6,描述
462,2,5,描述
463,2,6,描述
464,2,4,描述
465,2,2,描述
466,2,3,描述
467,2,3,描述
468,2,3,描述
469,2,5,描述
470,2,5,描述
471,2,6,描述
472,2,5,描述
473,2,5,描述
474,2,5,描述
475,2,5,描述
476,2,3,描述
477,2,10,描述
478,2,6,描述
479,2,5,描述
480,2,4,描述
481,2,4,描述
482,2,3,描述
483,2,4,描述
484,2,2,描述
485,2,4,描述
486,2,8,描述
487,2,4,描述
488,2,6,描述
489,2,3,描述
490,2,6,描述
491,2,3,描述
492,2,5,描述
493,2,3,描述
494,2,5,描述
495,2,7,描述
496,2,3,描述
497,2,2,描述
498,2,9,描述
499,2,9,描述
500,2,5,描述
501,2,5,描述
502,2,3,描述
503,2,5,描述
504,2,4,描述
505,2,5,描述
506,2,3,描述
507,2,5,描述
508,2,3,描述
509,2,7,描述
510,2,4,描述
511,2,3,描述
512,2,3,描述
513,2,4,描述
514,2,3,描述
515,2,7,描述
516,2,6,描述
517,2,4,描述
518,2,6,描述
519,2,6,描述
520,2,2,描述
521,2,5,描述
522,2,9,描述
523,2,2,描述
524,2,3,描述
525,2,3,描述
526,2,2,描述
527,2,10,描述
528,2,8,描述
529,2,4,描述
530,2,2,描述
531,2,4,描述
532,2,6,描述
533,2,6,描述
534,2,10,描述
535,2,9,描述
536,2,2,描述
537,2,4,描述
538,2,8,描述
539,2,10,描述
540,2,5,描述
541,2,7,描述
542,2,6,描述
543,2,6,描述
544,2,3,描述
545,2,2,描述
546,2,3,描述
547,2,4,描述
548,2,5,描述
549,2,5,描述
550,2,8,描述
551,2,6,描述
552,2,3,描述
553,2,3,描述
554,2,7,描述
555,2,4,描述
556,2,2,描述
557,2,10,描述
558,2,3,描述
559,2,9,描述
560,2,3,描述
561,2,4,描述
562,2,9,描述
563,2,7,描述
564,2,2,描述
565,2,5,描述
566,2,2,描述
567,2,4,描述
568,2,6,描述
569,2,3,描述
570,2,2,描述
571,2,9,描述
572,2,6,描述
573,2,9,描述
574,2,10,描述
575,2,4,描述
576,2,6,描述
577,2,5,描述
578,2,8,描述
579,2,3,描述
580,2,3,描述
581,2,3,描述
582,2,2,描述
583,2,9,描述
584,2,2,描述
585,2,10,描述
586,2,3,描述
587,2,2,描述
588,2,2,描述
589,2,2,描述
590,2,4,描述
591,2,4,描述
592,2,4,描述
593,2,7,描述
594,2,9,描述
595,2,5,描述
596,2,3,描述
597,2,4,描述
598,2,2,描述
599,2,3,描述
600,2,6,描述
601,2,3,描述
602,2,4,描述
603,2,10,描述
604,2,4,描述
605,2,9,描述
606,2,6,描述
607,2,7,描述
608,2,4,描述
609,2,9,描述
610,2,3,描述
611,2,6,描述
612,2,10,描述
613,2,10,描述
614,2,10,描述
615,2,4,描述
616,2,3,描述
617,2,6,描述
618,2,4,描述
619,2,4,描述
620,2,4,描述
621,2,4,描述
622,2,2,描述
623,2,1,描述
624,2,3,描述
625,2,3,描述
626,2,10,描述
627,2,3,描述
628,2,3,描述
629,2,2,描述
630,2,7,描述
631,2,3,描述
632,2,4,描述
633,2,6,描述
634,2,7,描述
635,2,3,描述
636,2,3,描述
637,2,3,描述
638,2,4,描述
639,2,4,描述
640,2,4,描述
641,2,3,描述
642,2,3,描述
643,2,3,描述
644,2,3,描述
645,2,1,描述
646,2,4,描述
647,2,9,描述
648,2,5,描述
649,2,4,描述
650,2,3,描述
651,2,10,描述
652,2,9,描述
653,2,10,描述
654,2,4,描述
655,2,5,描述
656,2,6,描述
657,2,1,描述
658,2,3,描述
659,2,3,描述
660,2,2,描述
661,2,3,描述
662,2,2,描述
663,2,4,描述
664,2,2,描述
665,2,1,描述
666,2,5,描述
667,2,2,描述
668,2,3,描述
669,2,2,描述
670,2,2,描述
671,2,10,描述
672,2,6,描述
673,2,3,描述
674,2,2,描述
675,2,4,描述
676,2,6,描述
677,2,2,描述
678,2,3,描述
679,2,7,描述
680,2,3,描述
681,2,2,描述
682,2,2,描述
683,2,10,描述
684,2,2,描述
685,2,2,描述
686,2,3,描述
687,2,3,描述
688,2,3,描述
689,2,1,描述
690,2,3,描述
691,2,4,描述
692,2,4,描述
693,2,4,描述
694,2,3,描述
695,2,10,描述
696,2,2,描述
697,2,3,描述
698,2,4,描述
699,2,6,描述
700,2,3,描述
701,2,6,描述
702,2,10,描述
703,2,10,描述
704,2,6,描述
705,2,2,描述
706,2,2,描述
707,2,2,描述
708,2,2,描述
709,2,2,描述
710,2,3,描述
711,2,5,描述
712,2,2,描述
713,2,2,描述
714,2,5,描述
715,2,4,描述
716,2,3,描述
717,2,3,描述
718,2,4,描述
719,2,9,描述
720,2,10,描述
721,2,10,描述
722,2,3,描述
723,2,6,描述
724,2,10,描述
725,2,3,描述
726,3,5,描述
727,3,2,描述
728,2,5,描述
729,3,1,描述
730,3,1,描述
731,3,11,描述
732,3,2,描述
733,3,6,描述
734,3,10,描述
735,3,8,描述
736,3,1,描述
737,3,13,描述
738,3,5,描述
739,3,1,描述
740,3,6,描述
741,2,6,描述
742,3,10,描述
743,2,16,描述
744,2,9,描述
745,2,1,描述
746,2,5,描述
747,2,8,描述
748,3,1,描述
749,2,8,描述
750,2,6,描述
751,2,11,描述
752,2,4,描述
753,2,4,描述
754,2,7,描述
755,2,8,描述
756,2,6,描述
757,2,14,描述
758,2,1,描述
759,2,6,描述
760,2,5,描述
761,2,5,描述
762,2,7,描述
763,2,2,描述
764,2,2,描述
765,2,4,描述
766,2,7,描述
767,2,5,描述
768,2,3,描述
769,2,3,描述
770,2,5,描述
771,2,5,描述
772,2,2,描述
773,2,5,描述
774,2,5,描述
775,2,3,描述
776,2,3,描述
777,2,6,描述
778,2,6,描述
779,2,4,描述
780,2,6,描述
781,2,5,描述
782,2,2,描述
783,2,4,描述
784,2,5,描述
785,2,7,描述
786,2,3,描述
787,2,6,描述
788,2,12,描述
789,2,6,描述
790,2,10,描述
791,2,9,描述
792,2,8,描述
793,2,6,描述
794,2,5,描述
795,2,4,描述
796,2,5,描述
797,2,8,描述
798,2,3,描述
799,2,6,描述
800,2,6,描述
801,2,4,描述
802,2,5,描述
803,2,2,描述
804,2,5,描述
805,2,3,描述
806,2,4,描述
807,2,3,描述
808,2,8,描述
809,2,1,描述
810,2,5,描述
811,2,1,描述
812,2,1,描述
813,2,3,描述
814,2,2,描述
815,2,5,描述
816,2,1,描述
817,2,1,描述
818,2,4,描述
819,2,4,描述
820,2,3,描述
821,2,5,描述
822,2,3,描述
823,2,5,描述
824,2,2,描述
825,2,3,描述
826,2,4,描述
827,2,1,描述
828,2,3,描述
829,2,2,描述
830,2,2,描述
831,2,1,描述
832,2,2,描述
833,2,2,描述
834,2,3,描述
835,2,4,描述
836,2,2,描述
837,2,3,描述
838,2,2,描述
839,2,2,描述
840,2,2,描述
841,2,5,描述
842,2,9,描述
843,2,2,描述
844,2,8,描述
845,2,2,描述
846,2,2,描述
847,2,12,描述
848,2,5,描述
849,2,4,描述
850,2,1,描述
851,2,4,描述
852,2,3,描述
853,2,2,描述
854,2,1,描述
855,2,1,描述
856,2,2,描述
857,2,2,描述
858,2,2,描述
859,2,5,描述
860,2,4,描述
861,2,4,描述
862,2,3,描述
863,2,3,描述
864,2,3,描述
865,2,2,描述
866,2,3,描述
867,2,3,描述
868,2,1,描述
869,2,4,描述
870,2,6,描述
871,2,4,描述
872,2,5,描述
873,2,1,描述
874,2,4,描述
875,2,5,描述
876,2,3,描述
877,2,4,描述
878,2,3,描述
879,2,3,描述
880,2,9,描述
881,2,4,描述
882,2,2,描述
883,2,3,描述
884,2,10,描述
885,2,3,描述
886,2,3,描述
887,2,4,描述
888,2,3,描述
889,2,4,描述
890,2,9,描述
891,2,3,描述
892,2,7,描述
893,2,5,描述
894,2,3,描述
895,2,2,描述
896,2,5,描述
897,2,5,描述
898,2,1,描述
899,2,3,描述
900,2,5,描述
901,2,4,描述
902,2,6,描述
903,2,21,描述
904,2,10,描述
905,2,6,描述
906,2,7,描述
907,2,10,描述
908,2,1,描述
909,2,5,描述
910,2,3,描述
911,2,3,描述
912,2,5,描述
913,2,5,描述
914,2,6,描述
915,2,7,描述
916,2,6,描述
917,2,3,描述
918,2,7,描述
919,2,5,描述
920,2,5,描述
921,2,5,描述
922,2,2,描述
923,2,5,描述
924,2,3,描述
925,2,4,描述
926,2,4,描述
927,2,1,描述
928,2,6,描述
929,2,6,描述
930,2,2,描述
931,2,9,描述
932,2,1,描述
933,2,5,描述
934,2,3,描述
935,2,4,描述
936,2,1,描述
937,2,4,描述
938,2,5,描述
939,2,4,描述
940,2,3,描述
941,2,24,描述
942,2,5,描述
943,2,1,描述
944,2,3,描述
945,2,2,描述
946,2,1,描述
947,2,3,描述
948,2,3,描述
949,2,1,描述
950,2,1,描述
951,2,1,描述
952,2,2,描述
953,2,6,描述
954,2,3,描述
955,2,6,描述
956,2,4,描述
957,2,2,描述
958,2,18,描述
959,2,8,描述
960,2,3,描述
961,2,2,描述
962,2,10,描述
963,2,3,描述
964,2,3,描述
965,2,1,描述
966,2,4,描述
967,2,2,描述
968,2,1,描述
969,2,2,描述
970,2,4,描述
971,2,6,描述
972,2,4,描述
973,2,2,描述
974,2,2,描述
975,2,6,描述
976,2,4,描述
977,2,2,描述
978,2,3,描述
979,2,8,描述
980,2,6,描述
981,2,7,描述
982,2,5,描述
983,2,3,描述
984,2,6,描述
985,2,6,描述
986,2,10,描述
987,2,6,描述
988,2,2,描述
989,2,6,描述
990,2,2,描述
991,2,3,描述
992,2,1,描述
993,2,4,描述
994,2,3,描述
995,2,3,描述
996,2,4,描述
997,2,5,描述
998,2,5,描述
999,2,6,描述
1000,2,11,描述
1001,2,9,描述
1002,2,3,描述
1003,2,7,描述
1004,2,6,描述
1005,2,6,描述
1006,2,6,描述
1007,2,6,描述
1008,2,6,描述
1009,2,8,描述
1010,2,7,描述
1011,2,5,描述
1012,2,5,描述
1013,2,7,描述
1014,2,6,描述
1015,2,5,描述
1016,2,8,描述
1017,2,5,描述
1018,2,5,描述
1019,2,5,描述
1020,2,6,描述
1021,2,7,描述
1022,2,5,描述
1023,2,5,描述
1024,2,7,描述
1025,2,5,描述
1026,2,4,描述
1027,2,4,描述
1028,2,6,描述
1029,2,5,描述
1030,2,4,描述
1031,2,3,描述
1032,2,5,描述
1033,2,13,描述
1034,2,4,描述
1035,2,3,描述
1036,2,3,描述
1037,2,4,描述
1038,2,4,描述
1039,2,2,描述
1040,2,4,描述
1041,2,5,描述
1042,2,3,描述
1043,2,6,描述
1044,2,6,描述
1045,2,5,描述
1046,2,3,描述
1047,2,1,描述
1048,2,4,描述
1049,2,3,描述
1050,2,10,描述
1051,2,3,描述
1052,2,2,描述
1053,2,6,描述
1054,2,2,描述
1055,2,4,描述
1056,2,4,描述
1057,2,3,描述
1058,2,5,描述
1059,2,6,描述
1060,2,6,描述
1061,2,6,描述
1062,2,5,描述
1063,2,4,描述
1064,2,4,描述
1065,2,4,描述
1066,2,5,描述
1067,2,4,描述
1068,2,6,描述
1069,2,6,描述
1070,2,6,描述
1071,2,3,描述
1072,2,5,描述
1073,2,4,描述
1074,2,4,描述
1075,2,8,描述
